110.05, 550.0
101.66, 500.0
84.22, 300.0
132.34, 510.0
85.79, 440.0
79.65, 329.0
87.05, 460.0
99.53, 490.0
86.76, 450.0
92.0, 440.0
74.95, 398.0
190.79, 600.0
119.59, 585.0
96.0, 450.0
124.57, 570.0
92.0, 480.0
131.42, 1000.0
109.64, 550.0
93.0, 550.0
125.0, 585.0
102.43, 480.0
93.06, 550.0
99.27, 428.0
98.32, 660.0
84.93, 309.0
58.57, 350.0
130.26, 500.0
170.79, 850.0
93.47, 525.0
155.9, 650.0
105.06, 668.0
123.5, 550.0
119.26, 530.0
97.45, 400.0
80.68, 428.0
115.27, 518.0
74.76, 455.0
76.0, 280.0
143.55, 750.0
84.0, 300.0
91.51, 580.0
67.0, 222.0
78.0, 450.0
79.9, 360.0
140.85, 568.0
98.83, 520.0
57.0, 205.0
90.89, 540.0
131.22, 520.0
126.64, 660.0
89.0, 498.0
116.11, 520.0
110.07, 550.0
124.25, 550.0
97.17, 410.0
98.0, 586.0
93.0, 495.0
56.57, 208.0
77.04, 265.0
66.04, 400.0
147.86, 500.0
63.09, 378.0
92.35, 560.0
99.0, 438.0
80.0, 560.0
57.52, 335.0
61.72, 406.0
118.0, 425.0
119.94, 425.0
92.66, 670.0
92.16, 530.0
125.96, 550.0
56.83, 390.0
104.69, 550.0
105.67, 489.0
124.47, 585.0
94.18, 460.0
64.0, 220.0
57.33, 210.0
99.67, 450.0
115.32, 590.0
66.21, 390.0
101.0, 490.0
85.81, 599.0
71.22, 375.0
124.28, 480.0
124.05, 530.0
94.72, 455.0
127.0, 640.0
92.15, 420.0
87.99, 325.0
85.78, 440.0
97.0, 530.0
94.2, 395.0
94.01, 550.0
115.36, 495.0
124.5, 618.0
141.48, 548.0
61.11, 210.0
188.0, 850.0
188.3, 620.0
92.49, 520.0
95.88, 460.0
95.0, 580.0
106.0, 850.0
191.51, 1100.0
92.62, 580.0
55.98, 210.0
96.24, 410.0
65.2, 335.0
191.51, 820.0
122.91, 469.0
102.59, 530.0
98.08, 505.0
188.26, 650.0
82.87, 425.0
67.0, 225.0
94.0, 500.0
87.77, 440.0
79.75, 270.0
115.26, 520.0
98.25, 525.0
125.41, 580.0
91.59, 468.0
61.2, 220.0
83.0, 550.0
140.32, 530.0
110.88, 475.0
78.31, 450.0
87.0, 490.0
99.12, 645.0
57.44, 210.0
96.0, 560.0
82.25, 412.0
125.4, 530.0
135.88, 540.0
93.14, 510.0
121.62, 485.0
124.68, 515.0
89.9, 440.0
111.0, 650.0
60.0, 210.0
118.0, 528.0
106.15, 495.0
125.65, 410.0
92.0, 409.0
78.99, 430.0
90.0, 560.0
124.5, 560.0
66.21, 430.0
58.9, 225.0
131.56, 580.0
118.28, 530.0
62.66, 209.0
180.25, 1100.0
103.14, 500.0
97.28, 540.0
156.52, 550.0
91.82, 423.0
85.04, 430.0
80.07, 565.0
67.0, 225.0
146.32, 585.0
93.14, 530.0
63.0, 367.0
124.23, 500.0
94.18, 402.0
63.0, 345.0
126.77, 600.0
93.6, 465.0
92.83, 510.0
51.54, 320.0
86.0, 570.0
121.35, 700.0
146.3, 615.0
60.88, 240.0
74.0, 230.0
102.0, 500.0
93.14, 550.0
127.9, 670.0
110.54, 600.0
127.47, 535.0
54.21, 335.0
76.45, 420.0
93.4, 440.0
100.89, 370.0
178.84, 680.0
89.71, 550.0
60.88, 245.0
82.85, 520.0
128.08, 580.0
191.51, 950.0
87.0, 480.0
85.6, 570.0
58.91, 336.0
118.62, 550.0
140.31, 450.0
97.49, 460.0
80.22, 488.0
93.75, 399.0
126.0, 520.0
56.83, 390.0
73.73, 235.0
124.47, 499.0
141.19, 660.0
124.82, 480.0
94.53, 560.0
122.8, 480.0
128.69, 670.0
45.0, 300.0
91.5, 430.0
131.22, 520.0
120.11, 510.0
65.6, 365.0
63.45, 370.0
100.07, 520.0
60.55, 210.0
89.54, 540.0
90.03, 500.0
191.0, 600.0
117.99, 538.0
97.0, 550.0
77.01, 460.0
98.32, 660.0
116.36, 630.0
98.0, 470.0
76.23, 410.0
125.0, 620.0
119.94, 545.0
109.0, 450.0
80.42, 370.0
94.34, 490.0
59.23, 340.0
93.61, 450.0
63.0, 360.0
96.93, 550.0
80.0, 420.0
139.23, 680.0
116.0, 850.0
93.0, 505.0
79.11, 370.0
85.56, 450.0
114.0, 585.0
66.04, 420.0
118.03, 510.0
86.0, 600.0
129.45, 485.0
89.7, 490.0
99.74, 478.0
118.3, 450.0
124.7, 620.0
122.0, 580.0
96.9, 420.0
86.35, 505.0
80.23, 435.0
47.88, 300.0
70.6, 380.0
97.0, 453.0
90.97, 480.0
67.0, 360.0
84.37, 335.0
121.0, 480.0
87.77, 430.0
178.0, 600.0
83.82, 430.0
114.6, 585.0
63.13, 356.0
118.25, 488.0
86.0, 570.0
93.11, 550.0
89.49, 475.0
100.27, 480.0
138.44, 580.0
98.66, 505.0
67.0, 210.0
79.81, 388.0
89.95, 340.0
86.76, 320.0
70.37, 378.0
63.04, 340.0
140.85, 536.0
87.0, 400.0
115.75, 528.0
88.88, 500.0
93.51, 455.0
104.24, 455.0
79.9, 388.0
89.0, 500.0
92.12, 550.0
127.0, 650.0
124.87, 560.0
129.43, 460.0
100.44, 535.0
126.04, 580.0
99.0, 465.0
118.0, 600.0
59.55, 210.0
144.8, 660.0
96.87, 420.0
64.56, 230.0
89.0, 510.0
81.99, 430.0
126.76, 620.0
82.71, 430.0
101.08, 480.0
114.57, 650.0
48.57, 300.0
91.0, 402.0
70.48, 346.0
181.0, 890.0
66.1, 220.0
47.3, 259.0
89.0, 405.0
67.64, 400.0
124.0, 599.0
90.54, 435.0
101.39, 410.0
120.74, 500.0
108.63, 580.0
88.79, 480.0
134.72, 625.0
84.11, 520.0
125.0, 620.0
180.8, 900.0
124.66, 538.0
63.0, 375.0
161.99, 800.0
95.4, 460.0
103.27, 430.0
58.0, 350.0
63.11, 375.0
101.59, 290.0
46.08, 305.0
101.93, 430.0
104.24, 450.0
131.78, 520.0
118.14, 440.0
79.34, 460.0
87.0, 440.0
94.27, 560.0
94.94, 450.0
124.0, 560.0
139.98, 660.0
191.51, 820.0
129.99, 550.0
70.48, 360.0
61.57, 415.0
99.87, 480.0
123.84, 540.0
63.0, 355.0
70.2, 370.0
86.0, 610.0
79.57, 550.0
115.26, 520.0
165.2, 730.0
97.9, 492.0
119.75, 470.0
66.21, 399.0
116.39, 540.0
118.61, 530.0
103.4, 466.0
107.88, 598.0
90.12, 530.0
99.27, 450.0
114.24, 600.0
70.48, 365.0
96.05, 400.0
106.48, 540.0
109.16, 580.0
98.32, 660.0
181.51, 500.0
97.87, 459.0
98.0, 510.0
92.19, 408.0
99.66, 480.0
82.87, 415.0
98.0, 500.0
108.0, 590.0
86.0, 568.0
95.0, 445.0
55.03, 288.0
56.5, 202.0
94.0, 685.0
106.53, 540.0
134.13, 550.0
138.7, 585.0
55.0, 290.0
134.0, 480.0
59.0, 320.0
89.36, 515.0
71.24, 390.0
85.4, 395.0
124.42, 500.0
125.02, 572.0
126.43, 560.0
80.38, 442.0
125.0, 580.0
70.0, 240.0
63.0, 359.0
106.5, 520.0
56.84, 225.0
78.0, 410.0
99.73, 390.0
140.38, 650.0
101.97, 460.0
79.58, 550.0
74.6, 370.0
98.35, 500.0
90.21, 515.0
118.0, 450.0
124.2, 556.0
48.95, 305.0
66.21, 415.0
104.83, 526.0
102.14, 400.0
104.69, 525.0
74.5, 455.0
121.85, 490.0
127.0, 650.0
139.98, 660.0
118.03, 550.0
125.65, 525.0
124.26, 510.0
70.35, 370.0
93.6, 458.0
118.62, 510.0
123.53, 500.0
89.0, 435.0
116.0, 800.0
110.0, 620.0
111.87, 500.0
143.71, 560.0
90.4, 430.0
85.41, 430.0
80.63, 440.0
88.0, 460.0
47.74, 245.0
89.95, 440.0
122.13, 575.0
128.94, 680.0
68.25, 350.0
112.0, 525.0
67.0, 375.0
122.23, 528.0
119.0, 520.0
85.36, 400.0
118.4, 560.0
87.59, 456.0
141.5, 538.0
163.54, 680.0
98.83, 430.0
79.02, 315.0
125.83, 520.0
121.95, 520.0
125.0, 550.0
92.72, 478.0
91.0, 490.0
141.05, 520.0
87.0, 450.0
155.9, 675.0
116.17, 520.0
109.41, 510.0
187.96, 660.0
110.07, 535.0
103.27, 450.0
99.04, 465.0
89.71, 560.0
91.6, 550.0
99.91, 438.0
120.0, 560.0
119.87, 599.0
98.83, 500.0
109.67, 558.0
81.28, 210.0
46.19, 250.0
77.0, 306.0
79.91, 290.0
96.35, 425.0
85.79, 490.0
124.0, 730.0
53.0, 218.0
146.79, 610.0
66.21, 405.0
72.0, 560.0
134.13, 530.0
122.19, 500.0
146.6, 480.0
148.71, 635.0
97.0, 520.0
106.09, 520.0
139.23, 660.0
160.85, 900.0
97.4, 456.0
100.49, 540.0
142.99, 500.0
47.0, 315.0
83.75, 320.0
86.62, 425.0
140.58, 660.0
154.9, 520.0
92.35, 420.0
124.35, 510.0
102.06, 550.0
90.3, 480.0
126.28, 460.0
92.59, 448.0
120.21, 580.0
93.0, 530.0
120.84, 498.0
111.47, 600.0
117.32, 480.0
96.73, 450.0
87.4, 480.0
87.0, 470.0
185.16, 650.0
98.93, 425.0
114.45, 620.0
70.12, 370.0
166.59, 660.0
112.12, 495.0
97.99, 660.0
63.11, 398.0
118.0, 450.0
103.14, 470.0
80.0, 395.0
87.0, 500.0
100.42, 550.0
87.0, 500.0
89.84, 560.0
115.71, 505.0
59.18, 360.0
88.58, 460.0
52.83, 206.0
91.84, 500.0
80.07, 395.0
98.04, 505.0
124.1, 580.0
99.91, 438.0
136.48, 580.0
130.01, 615.0
58.57, 325.0
138.34, 580.0
74.78, 399.0
124.42, 479.0
99.27, 480.0
126.73, 600.0
85.42, 430.0
73.77, 380.0
58.57, 348.0
93.0, 510.0
106.34, 510.0
114.0, 600.0
67.0, 360.0
140.55, 525.0
121.63, 490.0
70.21, 235.0
73.77, 388.0
114.0, 540.0
141.06, 520.0
80.03, 380.0
92.22, 535.0
84.0, 310.0
126.03, 500.0
102.75, 420.0
96.75, 485.0
47.22, 298.0
102.61, 440.0
120.05, 850.0
67.58, 230.0
93.43, 510.0
132.0, 620.0
95.03, 440.0
97.0, 478.0
115.6, 500.0
119.2, 590.0
154.77, 546.0
87.14, 418.0
96.01, 430.0
181.34, 650.0
118.4, 510.0
81.0, 475.0
121.78, 520.0
81.23, 438.0
120.34, 455.0
155.94, 605.0
122.04, 560.0
98.66, 520.0
194.64, 540.0
115.37, 650.0
136.19, 700.0
90.0, 510.0
96.01, 480.0
48.61, 288.0
118.66, 565.0
123.53, 500.0
92.21, 440.0
98.57, 450.0
100.75, 540.0
97.83, 565.0
141.19, 500.0
68.0, 465.0
88.77, 410.0
57.44, 235.0
93.47, 520.0
87.77, 430.0
191.51, 850.0
81.96, 395.0
65.64, 325.0
98.85, 416.0
61.81, 330.0
125.5, 495.0
84.0, 295.0
101.42, 470.0
158.23, 595.0
84.0, 295.0
73.0, 220.0
83.44, 335.0
64.41, 400.0
97.49, 465.0
141.0, 560.0
98.81, 410.0
85.67, 580.0
95.47, 580.0
91.0, 435.0
139.98, 660.0
63.0, 370.0
116.5, 520.0
73.73, 315.0
96.01, 430.0
98.91, 535.0
73.67, 460.0
102.54, 460.0
127.44, 560.0
87.08, 370.0
103.0, 480.0
102.51, 500.0
93.76, 458.0
119.0, 580.0
114.5, 555.0
94.66, 450.0
80.0, 430.0
123.39, 680.0
61.02, 310.0
62.64, 350.0
93.62, 460.0
124.68, 620.0
59.25, 315.0
52.49, 210.0
93.0, 508.0
99.91, 465.0
102.0, 470.0
83.17, 415.0
127.91, 460.0
100.75, 545.0
126.71, 560.0
104.01, 520.0
72.39, 390.0
91.51, 420.0
191.51, 800.0
85.74, 490.0
114.71, 600.0
113.98, 585.0
143.5, 698.0
125.0, 625.0
102.14, 465.0
143.28, 520.0
99.0, 700.0
58.93, 340.0
85.79, 480.0
77.34, 400.0
103.32, 470.0
66.21, 398.0
125.0, 480.0
130.0, 540.0
124.88, 515.0
95.18, 550.0
98.0, 540.0
123.35, 550.0
122.23, 560.0
55.2, 285.0
161.0, 920.0
80.0, 380.0
96.98, 520.0
107.87, 605.0
47.3, 260.0
114.76, 580.0
127.29, 660.0
70.12, 280.0
163.45, 758.0
79.6, 555.0
117.87, 500.0
139.6, 570.0
131.97, 490.0
106.19, 510.0
128.66, 695.0
97.79, 530.0
92.87, 520.0
98.43, 490.0
47.3, 280.0
84.77, 420.0
106.49, 500.0
125.12, 570.0
63.09, 370.0
61.0, 245.0
87.63, 480.0
96.5, 505.0
62.68, 366.0
59.45, 330.0
91.91, 435.0
136.97, 660.0
128.44, 810.0
93.0, 540.0
87.6, 450.0
86.77, 435.0
68.0, 450.0
77.03, 450.0
80.16, 405.0
115.18, 598.0
71.61, 389.0
86.0, 455.0
108.6, 558.0
114.0, 620.0
62.61, 460.0
110.8, 505.0
118.0, 488.0
55.2, 318.0
102.0, 550.0
58.0, 345.0
101.35, 488.0
84.26, 310.0
79.94, 390.0
119.89, 439.0
93.05, 450.0
94.0, 429.0
125.02, 580.0
102.33, 410.0
108.51, 515.0
94.52, 470.0
160.59, 850.0
110.89, 510.0
119.42, 430.0
128.0, 570.0
86.73, 480.0
124.34, 515.0
67.32, 378.0
122.23, 580.0
59.31, 235.0
92.48, 455.0
143.29, 520.0
138.7, 560.0
47.3, 269.0
55.79, 249.0
117.43, 528.0
94.58, 443.0
180.12, 810.0
79.95, 398.0
142.18, 550.0
56.83, 389.0
98.95, 438.0
107.95, 580.0
132.04, 520.0
124.25, 493.0
119.36, 500.0
48.57, 300.0
99.27, 425.0
62.61, 455.0
79.25, 450.0
79.98, 430.0
94.27, 405.0
96.25, 395.0
99.62, 480.0
137.7, 510.0
121.78, 550.0
96.78, 450.0
135.62, 620.0
96.91, 520.0
191.51, 800.0
119.97, 430.0
63.11, 360.0
95.25, 436.0
67.35, 210.0
88.92, 435.0
47.3, 280.0
58.57, 350.0
82.87, 408.0
146.77, 600.0
137.0, 638.0
99.75, 460.0
87.0, 470.0
